100
99
0 22 573
0 56 556
0 66 720
0 96 46
0 98 578
1 27 22
1 96 186
2 40 888
3 15 448
3 24 931
3 70 401
4 29 743
4 82 214
5 94 853
6 26 1000
7 39 995
8 76 528
8 95 996
9 24 4
10 24 45
10 92 602
10 97 783
11 19 15
11 55 1000
12 90 180
13 15 551
13 51 771
13 63 417
14 73 1000
14 42 1000
15 93 466
16 39 511
16 46 387
17 27 195
17 60 1
17 97 914
18 41 730
18 78 598
19 54 201
20 42 998
21 72 946
21 98 93
22 32 924
22 91 142
23 52 1000
23 57 1000
24 50 632
25 79 621
27 48 938
27 85 19
27 92 589
28 77 839
28 90 293
29 44 797
29 79 368
29 93 869
30 50 355
31 84 693
32 61 373
32 68 825
33 62 1000
34 37 1000
34 43 1000
35 57 1000
35 65 1000
36 67 594
36 88 164
36 98 358
37 54 1000
38 45 116
38 71 718
38 75 296
39 83 924
40 56 642
40 76 618
44 63 848
45 77 981
45 78 773
46 80 450
47 99 1000
47 52 1000
48 85 277
49 69 879
49 92 672
50 77 208
50 89 798
51 76 774
51 96 395
55 65 1000
56 64 303
56 86 394
58 69 604
59 68 207
60 85 557
61 67 686
61 82 20
63 89 253
67 74 299
67 80 259
69 74 721
69 91 166
71 76 654
72 95 338
73 74 332
74 94 156
75 85 561
77 79 209
79 85 512
79 87 577
81 90 877
83 86 72
83 87 866
84 85 665
87 93 617
